6.574457490562409
2.4286715206392673
3.841920191022054
3.882764062133125
0.7661381040071131
6.617267305820112
5.0779690662983965
2.295252609649372
2.4092785543880835
8.022202287016102
4.431347754557262
11.276031019998609
2.448117960073011
4.644829693716693
5.860005778291599
2.1120316707451927
3.4613555262537288
10.904919976028607
3.9521415370332216
3.710419117716625
9.368456866027145
7.21317548609572
0.7813031425610681
4.90040883714139
7.3154240117145255
1.8805373287964264
22.51696112206554
17.470895887096965
3.8602528597786967
4.706941943975145
1.8475543541937207
0.33229388984316965
1.9595522895423059
10.742579170106929
2.0176373532728236
8.472702778963416
0.9288821220909395
7.972371305297396
3.262690724496569
4.6943637238190155
0.6658431464297899
11.033113910477212
5.056785792659194
1.5370320048502566
8.899968774662888
2.1419419639035238
1.256715108373534
4.250167078241933
3.007247807046732
0.7234156056562251
5.102631445724064
4.795705040197753
4.15376930743766
3.9687390226282706
4.830699295958749
8.075407949256313
4.752861406402078
12.91668993935852
5.895525158461524
5.258200680992861
0.8019186297378512
9.26515107271419
5.854124400473395
0.6419107860760966
0.7417621386843365
1.6589117274876446
4.483289852303895
10.03569394368884
4.4561608587455455
16.231554099097522
0.8859381011698094
13.718671393629325
12.182986659673395
4.41527793975165
1.0667625052172065
17.914352630571585
5.438189723643511
4.395931947055386
0.5002748962208711
2.8825386337577985
2.5609963488176977
0.3945511855796797
1.4003906200937917
20.09219381102438
8.950714664179754
3.917450342680616
10.819678839503544
6.930675883710457
6.720789585911257
0.21031269939262315
8.881092759136813
0.603404601543353
1.052451737901367
2.896864628917065
6.48623411070906
2.9179983630622446
0.5580826529403046
2.934370986414283
2.6264669855024003
2.156740847677444
0.9566121837669251
34.87095296939654
12.286610140773917
2.4731506944889765
1.00650635177622
3.024395062943911
0.4664128789182288
1.6242096598802462
18.210169586951668
29.786766845488334
0.8587987981353061
2.365748012885491
4.0886477565222545
5.352738739937234
3.077457127708611
1.0481139929227323
14.164178861969024
4.659516778978818
1.4902659441888
5.187422606026097
13.502615278734332
2.2902275635276568
12.8500112511747
1.3973551579944876
7.10470790864921
1.103200820717794
1.53790477401766
0.3643371741323723
4.132082851236336
1.5258356271456708
4.749703956140382
6.8505517255154
3.281981551022022
4.6270635285665245
3.5921731675301576
4.213276961105141
12.367903474550937
0.11601246774683915
6.9569825302036
4.325048190964394
8.991635026086668
7.28592314797436
1.9568222554288288
0.03589737868458478
12.107733511018534
6.426389641263086
0.1695695566419647
1.9895465263444887
0.3526262658076094
0.6445273313310458
2.3283198600088393
1.4261919419340767
2.0259899254770706
11.373468526285977
8.62419775192244
2.131162560582446
0.9270830960997233
2.649727289750039
14.074025311715499
1.752824772652727
0.11960899983091582
5.812382052952348
3.7807490907587313
0.13310698333277413
7.581511203712658
4.315011050898995
12.863538913592082
3.0835574787536886
4.197705502338318
2.191798171136494
2.4729095905315126
4.633733350488165
1.2354420497542984
0.9971623827739948
2.124901612138868
8.926417817315423
6.437651257738298
1.8640001503968042
6.466752269404248
0.9027765731307003
2.115553660766381
0.4013936193764409
7.868137495906372
23.021361231271758
6.461171318109303
3.717728299540071
0.3051531454368382
1.190380903646972
7.682927491217395
1.6525042226311717
30.745982614194602
14.445225742634223
2.0944012941110137
2.7470396662265792
1.938171975859935
2.8995300818534178
7.425659634355861
2.889039282249909
1.3138698495871046
4.977275559036529
12.443426797902159
2.7990831993730056
7.705631319287441
11.510423098342159
5.461171210932663
2.631014138869576
1.2096494990000193
7.702750982796189
2.532641068416035
4.389286552418552
6.666024962162715
6.146256673469471
5.048956935571075
9.236000983892527
2.9859094411186513
5.474665528194937
4.993113303619229
4.235203580977171
20.255205088473
7.881637937560364
6.684896738857392
1.6013718677308928
6.094612771745674
3.8125648030676635
5.869450049873875
3.824143493962632
1.5172686519130605
2.426715442861382
0.6448827541434549
5.630210885456615
20.28459245965133
0.75677228951495
13.889924792697666
2.0633896276929558
8.32927649602897
0.4055325909741361
19.23985191435317
3.504766200429911
1.9807671662409982
4.430610259862741
0.45518431672851484
8.024322332833716
4.5799799534647585
8.405318468392256
7.542331788090417
19.175624781573504
4.543406096095172
9.75914052076453
18.612956032992074
0.9540971864374274
5.854822626643771
1.5731350628452905
1.053587041523366
6.041204416517305
1.9208158773906419
0.891804008490476
5.371447432252081
4.657920270699187
1.9977126377226113
32.96873274807599
3.6264111426888563
7.0494449045279834
1.9150692281401325
0.2295697122111873
2.352296186478551
3.503183868333381
1.9223981006137993
12.536938648209054
1.102203559850598
10.688320135010233
0.7067069214241973
1.2198160330340178
4.600593309117097
2.035762184855692
2.240941150140963
8.815986026950874
2.789336924931121
7.867016159932266
0.08026179205497397
0.4230366257045077
1.9431720845711755
7.526317756312601
8.524227650763459
1.6650311416369752
13.961597484967314
5.312820995578479
3.566691108633221
1.0897544166760285
6.001214027234611
2.181312727282098
0.16670374600152993
1.8340629557196442
11.342408000476938
10.127130758561501
0.2857529801609084
12.365744336432433
2.9606051263691118
3.552521028453031
12.523632269304574
2.6542338466612305
7.2065950936243475
3.4781754475303694
0.23423333050255699
14.96599237333068
0.18505250412087165
10.52742633908003
1.1956496949094833
2.9443225958158203
0.3680944287490531
3.2799144058323066
4.250140073690632
5.372643659585045
17.140201407113086
9.873247086491581
0.15323451949439904
4.152566070742249
2.5976846102875224
1.1088406891622953
12.249952438268192
2.8799930540364036
0.9973887835674401
2.581573641726131
7.220559909951808
0.9470698349807158
0.8050600778096725
7.743807712975515
4.2336042985930025
5.968198873658823
4.942944216480567
1.8745680081648075
0.23967784359786692
1.7599363399534762
13.267913798647943
9.87678387710509
2.026945314630246
0.6816698859705471
0.13912856900474763
0.6034400673225248
4.649423408475371
10.648220145199272
22.103228827650916
9.892288916975534
6.713786237384091
4.60928885847041
1.6012345572773232
29.13341485324971
39.3603607182008
6.7428892037763255
2.6545617920077254
19.48916078704179
7.033554787353215
13.443905861215772
19.316213277636486
0.6664729248153926
7.090884595037162
2.2023590466739447
3.074219571750237
6.31405866117039
2.2423604065189715
13.82795771897669
2.2827899422890896
0.9943764654911879
2.764400474428488
2.274639914423342
3.490703806051585
1.1555654756948472
5.172004330614363
7.200548064385926
5.379738015823126
3.815288055274086
2.269075849473158
3.562236964293226
0.9441476270989803
0.13122112262460217
20.882801748301105
0.6562450158351475
5.56007019426333
3.6626895480946366
2.4903359630582007
3.0977693882941657
1.6768881507935949
6.437214396649699
7.900503646234189
2.7420495695408267
2.395746762529508
4.110448570202514
5.070946357215258
2.13016492989499
0.649597334619141
4.664089203115399
3.173216560091882
10.591906123992347
6.855301955386482
5.439349968104792
1.6179107799362402
12.511207463607402
15.73490041373486
3.386712647313865
5.958392773808147
4.165661171570991
1.3766546768147794
0.019344006845061545
1.0193064989536436
0.36820155437251595
8.009505217464513
0.683090211881372
2.516561421180862
13.163472827823542
13.55700177122997
15.881429736233251
2.3625134291476697
12.579408604457589
1.8645022292584739
11.358713024610593
1.3192940808820688
2.1457371643125445
4.575290657679694
3.846979389676946
12.150623009593561
0.36201853520753274
6.283616279098979
12.157812165837024
9.90445583926378
1.8632191980023225
7.773177996951118
9.080098892465813
32.68835469625722
5.70470406201514
5.779196873855514
5.392225236682717
3.999002420445005
0.41922380828040423
5.371608926473466
5.66334067838914
2.910396457590218
5.720668847456235
1.3644315478673494
7.207489032356099
4.8620831961680935
11.369631943319941
7.278408317190187
3.910470594966491
1.4309259800846115
7.689089615824084
4.799595265414085
1.6517892832437964
1.4843156000045044
2.1102273719952436
1.4384113500047937
10.979616871302332
14.509563434356904
2.379361000348164
0.4579713752582679
3.764553153887004
1.4069372735338428
2.4776007929786554
5.685621507904182
0.46242199279385826
13.624497128745933
5.5241507000892405
0.2922330338647597
2.151529237629199
15.167485840442783
1.926853687996255
9.604987977064924
11.855743821202253
6.370888330276941
8.327654180217708
1.5916544987906978
3.127480148100438
30.921506433655985
9.89758787363615
8.09935645384662
16.078921001468103
13.86666576865454
0.601863613127033
5.447357066804686
8.129439259170576
0.21525154205456218
1.6489347766213476
4.246506283086046
0.23913106698992043
9.588705955090536
3.439893536023951
9.999371031834997
6.354079739452877
0.31709817235167753
2.1737213027084574
6.7578425371961774
10.386222690106928
11.90528704725402
1.6107839136764115
7.321444917593842
10.333335737893664
4.868107625910336
2.380459326263308
10.091197560182376
0.9753391188024816
1.0140993504140645
5.354585173600106
2.3980442858351445
11.617709197399591
3.6814488509597236
8.746387625100018
0.060666293958274414
11.124845642380507
3.106098549682819
2.4254400685021382
5.051666358678318
7.218185051496729
4.6551926479543235
3.7572420836086398
1.7650563169889648
2.2470727616890542
8.367851733784708
5.22483727165855
4.759195034504
1.7193739401476107
2.244586155541361
10.93457417752452
26.12632565496467
5.614964912556009
1.3177733405277672
0.3752442205875172
6.141158767871326
8.572593139074536
0.7672646076700995
0.683105277721663
16.363533827746604
3.8526759729499056
2.458792168612626
0.1745902187665493
7.250735004075018
2.1492299220364353
8.519395833627463
5.415427954780261
6.615258280970828
10.634788339210518
1.3611521132926039
2.641820205356785
9.35865458976639
10.334501041424037
8.575165013200026
13.031921528600888
7.897089056279372
8.245243847346384
1.3345799065491162
8.254038553091341
3.373890298985927
10.517622705460367
8.165179935613722
3.1441412210348068
0.5207173847284698
3.3261167333573076
1.1615045022385662
1.776842142981644
1.304116329534094
3.539291091501272
1.6562765931439172
1.2569435241071414
6.339235977410483
0.326487270535423
0.1355842919707112
0.5336810110321122
2.7336617497172977
5.798918353760975
2.784110901822631
1.3359873786375096
4.11032005339056
3.5890829521094036
13.983658875471779
5.562847891843905
9.19213077881999
2.1383353873260527
0.5199648941594437
9.644481978656142
6.679365666699176
2.989621620110682
0.31723958845662914
2.191008236419489
3.038246307946797
2.6781987910380955
2.687176867012133
5.316310935192708
10.26694924109028
4.377396076541714
2.379955386928577
5.752008647505722
1.6208655679993773
31.222000528946403
3.584174687888716
0.4221235283778514
4.530101301771461
3.533410038877362
2.8367518093300617
14.473336385057912
4.479909918295942
8.579105932022326
2.2212952897320104
0.6648058015877361
11.147931379343301
2.430744690919872
14.296355892518996
1.1402314963426974
6.235690305702356
5.302238772887425
6.9758419679869785
2.1814517737169012
7.620466548563803
0.7075973608811466
5.015416331503374
5.301128070571792
3.6443208248482946
3.5270385506268607
7.816688268288394
8.149854855852787
10.504906298595433
0.37335217059254194
10.281741413008614
15.23790031333134
17.97698669442083
13.87296529149946
14.67264430081541
6.107191559823134
8.477857512262107
2.042746489771256
2.445025541653115
18.1484412902801
22.79794410226514
14.26580914080213
6.16799384422032
1.95830042357151
0.4491426491917936
3.8556213433371154
0.11242786096437085
1.459860611297603
7.094295778734418
1.314987599200323
6.447514470301249
1.1816214174743864
0.9129589169492622
5.763201976020254
0.6152954909465029
8.415668330662157
9.081643491770782
0.48393185494792657
4.66835708121252
7.044616259929371
1.4326852428071437
3.4954210692950602
6.5809730972445335
7.077138039189747
0.9177137972294552
0.2693141214387733
3.8672993485504112
10.065136256704726
0.3114974613924388
9.177982764406114
19.82999099016047
2.0635055513257017
5.106066322131563
0.22826591747516367
2.523709122315375
9.205991220867686
2.721408759736402
1.5364077842203159
1.7919333250885288
3.136208888002205
1.5758715308863531
4.277072908824218
4.632611838149049
3.106211683832131
2.6089770883095125
11.52050649787647
0.6663812855431825
1.3386043558211462
6.478952151539007
8.748217903033881
2.487403721747868
2.6572916517779084
3.136544060379307
4.435947482908575
2.6135447459026757
2.9702638922717153
5.172512140034431
1.02198807135283
0.7253761214558362
11.25148789122473
2.471853566399197
6.087395557406377
16.577707154732405
0.05999536542685493
12.17859085448587
1.7318085477963527
0.6556706444944809
5.491011935155563
6.204110098074748
5.785602831136246
2.949712640714813
3.110089111572604
0.37548929340063414
10.397261076153859
1.1569897653327685
6.2481640472690225
6.990912321254939
5.339126235044148
27.049219883294562
7.908374544874699
1.2633663954258378
4.2380561247400905
0.7255199315588254
13.513355734370581
9.192738562076803
6.942401191031432
9.628981039411832
1.749818707720899
0.17776417024868332
3.908854921487376
0.9982531940974382
0.24190904753683598
0.6967360416238527
12.162169070661616
3.3046679228539246
3.37878347411309
2.7508987310729154
5.663536837227072
3.7365344970709318
6.277981573076842
5.170931406238708
1.4118916892772928
5.621971964419825
8.237796420446095
0.46516128913223553
14.316985370232834
1.201265489575991
8.281992122428756
1.2765230374074985
11.183898282810558
5.18592712537806
4.010674505949997
17.352683249402226
0.5218820924082458
4.98386657880125
4.25660222572775
13.261334686794362
7.615669469479733
2.0472292771670153
4.703204594556735
6.585008609980363
7.817462910196393
4.563050690461907
10.283879120780153
7.9269708753749395
10.487060388383815
0.8773460029941401
7.567525966511336
10.368525397079589
2.574262232049387
10.781642993865608
10.915673588586113
14.00435956088778
1.6885959558306212
6.660074677822377
3.8760939304101316
7.789522592958965
3.1815076251097905
0.4829482720437033
4.887082721325833
7.191365970902189
4.674400696438022
14.29799055988471
1.6052141693351687
0.3860140445802088
4.044701527855167
21.055804710974527
2.9996292243456137
22.26611089577845
4.94455745418825
6.558727752887171
8.049617082613711
6.327708338106758
7.8808327787274735
1.373104900050427
36.32118683183617
3.837183986380162
6.237053130554752
1.9212594850902946
1.4881550763852538
37.60976190949076
2.466205372833975
0.008322239660345331
15.58592355079548
3.4321504240565406
0.4935723264504924
0.4471918824859865
1.291611653044415
9.485883598218777
0.7034800325009073
5.316975111475907
22.961219501481565
6.139322512834045
1.0722057775726443
1.0843735709303226
4.650903048051208
18.492158694489063
12.927993539619543
2.2423578154705996
5.638213009801659
5.223584323941334
8.309088027083174
4.360665904285797
2.5412875376087376
4.097714900727481
7.415646669213615
1.939829394546273
2.806277369309953
1.9970405459303278
3.4491592538342233
1.6026678381706716
1.1167873271279019
5.507215593777458
12.41098117264233
4.812550801267032
8.646733418315412
4.60767084046209
12.152670593638227
3.258831762653804
4.844357139323699
6.228877524126592
6.07174173323021
16.324987171382364
1.5524515570496087
1.6608116331366376
0.21719474247860263
0.7259491820413424
0.9969718686920587
3.514508871617159
7.7788393500243656
8.604860291107844
12.645907197544648
7.7614985444108
0.7496403631245067
0.22338446987001484
6.053985098327758
0.6379834990172484
3.1547995498532364
2.970255246641981
9.657049053261503
5.431463255859001
1.9185692598960271
0.6552095980640794
5.772921359920936
2.3399918285615553
1.4248376674988505
12.051686287881427
20.31460668743027
2.320668033216985
4.8857429676120985
2.004123100529883
8.920425497693559
10.514986079141783
8.595039335533464
44.79438651040043
5.35964859141427
3.8209998141235086
5.5144930996053265
2.0615692843590807
5.969981911623648
21.484627288715565
8.751812815291029
6.726044585386267
1.5773193218675372
4.6870107583864025
0.3889757060164635
12.877650235051432
4.324957526635283
5.5516924657672355
3.7902599121876395
0.36107691507214057
4.722604775125942
0.899877475599319
2.0051406933948663
3.7824321069911306
1.4682531635437466
7.44513052485096
0.9515486989604702
0.5853241141330185
1.0369904775658751
1.143886538434775
4.479393627463594
0.23573740575460755
10.596450867620343
4.602594965234293
2.170755872823169
11.10522973536881
3.6378537970899627
14.259549578549827
1.7498916736769041
1.8457540235680538
4.294486908846512
15.3740757957078
1.840034351393219
6.6481475481223065
15.392781432834871
1.5061139802160222
2.1208281996000826
3.890156039755132
2.3463946180827984
11.855842713456024
1.3299614780842317
9.016862645873582
27.00953388053316
14.321369044220324
2.4929562893698627
0.941270845770258
8.697965364693514
2.30839455083571
12.96454635154043
13.94912457114049
8.161765762112063
0.8879479541631352
1.1410181774369816
12.27282098342534
4.954622893034257
1.189398721235104
4.44184687224455
6.445367420891991
2.3783588700395866
7.312832959581726
5.560926101267882
4.307879762725184
5.490803888148935
1.1181307651447105
15.388719109169621
6.970821029116236
12.221060923231228
7.888646539052732
4.51883965907168
2.433919834440406
6.933390382473155
1.173379401375438
4.145203647419576
8.085510878166888
2.085484112436238
1.3469895809658936
1.0913451339991802
0.3827030281480734
2.617892772452684
4.063245515199389
3.2175685494622437
9.439716528656474
7.980905255034234
1.3873275382846244
17.83022616384916
1.487610919025507
4.719796741095346
1.6615276582922271
2.171490522490072
8.690767313534236
1.111584979303123
0.28955657856920036
1.2017218120059256
6.9198851475868235
2.8635020207431263
8.769032551341322
7.898985650892801
1.5708364151628138
4.6633988705064215
4.185942801058113
11.975314096667715
4.116248569509551
1.3514783178335148
2.8636845313330586
11.62789705829871
13.412419952412794
1.1106024771435972
2.012176017573574
7.721322921213562
0.6957426507416833
0.6377664468825927
7.149389201688047
1.8340849912862955
6.666938641491774
1.9319899555321867
4.162222466931259
10.823133649272894
0.7815117457947669
1.9981820955414897
2.089652636233148
3.9884334385773252
3.2814571750949915
3.8747429911701534
0.9774295388636363
12.763567771393479
0.19373450199485892
1.3104782202440042
5.552961502568603
2.3177515861061617
7.335559276880015
4.915339693193788
